0 1 10 100
1 0 2 11 101
2 1 3 12 102
3 2 4 13 103
4 3 5 14 104
5 4 6 15 105
6 5 7 16 106
7 6 8 17 107
8 7 9 18 108
9 8 19 109
10 0 11 20 110
11 1 10 12 21 111
12 2 11 13 22 112
13 3 12 14 23 113
14 4 13 15 24 114
15 5 14 16 25 115
16 6 15 17 26 116
17 7 16 18 27 117
18 8 17 19 28 118
19 9 18 29 119
20 10 21 30 120
21 11 20 22 31 121
22 12 21 23 32 122
23 13 22 24 33 123
24 14 23 25 34 124
25 15 24 26 35 125
26 16 25 27 36 126
27 17 26 28 37 127
28 18 27 29 38 128
29 19 28 39 129
30 20 31 40 130
31 21 30 32 41 131
32 22 31 33 42 132
33 23 32 34 43 133
34 24 33 35 44 134
35 25 34 36 45 135
36 26 35 37 46 136
37 27 36 38 47 137
38 28 37 39 48 138
39 29 38 49 139
40 30 41 50 140
41 31 40 42 51 141
42 32 41 43 52 142
43 33 42 44 53 143
44 34 43 45 54 144
45 35 44 46 55 145
46 36 45 47 56 146
47 37 46 48 57 147
48 38 47 49 58 148
49 39 48 59 149
50 40 51 60 150
51 41 50 52 61 151
52 42 51 53 62 152
53 43 52 54 63 153
54 44 53 55 64 154
55 45 54 56 65 155
56 46 55 57 66 156
57 47 56 58 67 157
58 48 57 59 68 158
59 49 58 69 159
60 50 61 70 160
61 51 60 62 71 161
62 52 61 63 72 162
63 53 62 64 73 163
64 54 63 65 74 164
65 55 64 66 75 165
66 56 65 67 76 166
67 57 66 68 77 167
68 58 67 69 78 168
69 59 68 79 169
70 60 71 80 170
71 61 70 72 81 171
72 62 71 73 82 172
73 63 72 74 83 173
74 64 73 75 84 174
75 65 74 76 85 175
76 66 75 77 86 176
77 67 76 78 87 177
78 68 77 79 88 178
79 69 78 89 179
80 70 81 90 180
81 71 80 82 91 181
82 72 81 83 92 182
83 73 82 84 93 183
84 74 83 85 94 184
85 75 84 86 95 185
86 76 85 87 96 186
87 77 86 88 97 187
88 78 87 89 98 188
89 79 88 99 189
90 80 91 100 190
91 81 90 92 101 191
92 82 91 93 102 192
93 83 92 94 103 193
94 84 93 95 104 194
95 85 94 96 105 195
96 86 95 97 106 196
97 87 96 98 107 197
98 88 97 99 108 198
99 89 98 109 199
100 0 90 101 110 200
101 1 91 100 102 111 201
102 2 92 101 103 112 202
103 3 93 102 104 113 203
104 4 94 103 105 114 204
105 5 95 104 106 115 205
106 6 96 105 107 116 206
107 7 97 106 108 117 207
108 8 98 107 109 118 208
109 9 99 108 119 209
110 10 100 111 120 210
111 11 101 110 112 121 211
112 12 102 111 113 122 212
113 13 103 112 114 123 213
114 14 104 113 115 124 214
115 15 105 114 116 125 215
116 16 106 115 117 126 216
117 17 107 116 118 127 217
118 18 108 117 119 128 218
119 19 109 118 129 219
120 20 110 121 130 220
121 21 111 120 122 131 221
122 22 112 121 123 132 222
123 23 113 122 124 133 223
124 24 114 123 125 134 224
125 25 115 124 126 135 225
126 26 116 125 127 136 226
127 27 117 126 128 137 227
128 28 118 127 129 138 228
129 29 119 128 139 229
130 30 120 131 140 230
131 31 121 130 132 141 231
132 32 122 131 133 142 232
133 33 123 132 134 143 233
134 34 124 133 135 144 234
135 35 125 134 136 145 235
136 36 126 135 137 146 236
137 37 127 136 138 147 237
138 38 128 137 139 148 238
139 39 129 138 149 239
140 40 130 141 150 240
141 41 131 140 142 151 241
142 42 132 141 143 152 242
143 43 133 142 144 153 243
144 44 134 143 145 154 244
145 45 135 144 146 155 245
146 46 136 145 147 156 246
147 47 137 146 148 157 247
148 48 138 147 149 158 248
149 49 139 148 159 249
150 50 140 151 160 250
151 51 141 150 152 161 251
152 52 142 151 153 162 252
153 53 143 152 154 163 253
154 54 144 153 155 164 254
155 55 145 154 156 165 255
156 56 146 155 157 166 256
157 57 147 156 158 167 257
158 58 148 157 159 168 258
159 59 149 158 169 259
160 60 150 161 170 260
161 61 151 160 162 171 261
162 62 152 161 163 172 262
163 63 153 162 164 173 263
164 64 154 163 165 174 264
165 65 155 164 166 175 265
166 66 156 165 167 176 266
167 67 157 166 168 177 267
168 68 158 167 169 178 268
169 69 159 168 179 269
170 70 160 171 180 270
171 71 161 170 172 181 271
172 72 162 171 173 182 272
173 73 163 172 174 183 273
174 74 164 173 175 184 274
175 75 165 174 176 185 275
176 76 166 175 177 186 276
177 77 167 176 178 187 277
178 78 168 177 179 188 278
179 79 169 178 189 279
180 80 170 181 190 280
181 81 171 180 182 191 281
182 82 172 181 183 192 282
183 83 173 182 184 193 283
184 84 174 183 185 194 284
185 85 175 184 186 195 285
186 86 176 185 187 196 286
187 87 177 186 188 197 287
188 88 178 187 189 198 288
189 89 179 188 199 289
190 90 180 191 200 290
191 91 181 190 192 201 291
192 92 182 191 193 202 292
193 93 183 192 194 203 293
194 94 184 193 195 204 294
195 95 185 194 196 205 295
196 96 186 195 197 206 296
197 97 187 196 198 207 297
198 98 188 197 199 208 298
199 99 189 198 209 299
200 100 190 201 210 300
201 101 191 200 202 211 301
202 102 192 201 203 212 302
203 103 193 202 204 213 303
204 104 194 203 205 214 304
205 105 195 204 206 215 305
206 106 196 205 207 216 306
207 107 197 206 208 217 307
208 108 198 207 209 218 308
209 109 199 208 219 309
210 110 200 211 220 310
211 111 201 210 212 221 311
212 112 202 211 213 222 312
213 113 203 212 214 223 313
214 114 204 213 215 224 314
215 115 205 214 216 225 315
216 116 206 215 217 226 316
217 117 207 216 218 227 317
218 118 208 217 219 228 318
219 119 209 218 229 319
220 120 210 221 230 320
221 121 211 220 222 231 321
222 122 212 221 223 232 322
223 123 213 222 224 233 323
224 124 214 223 225 234 324
225 125 215 224 226 235 325
226 126 216 225 227 236 326
227 127 217 226 228 237 327
228 128 218 227 229 238 328
229 129 219 228 239 329
230 130 220 231 240 330
231 131 221 230 232 241 331
232 132 222 231 233 242 332
233 133 223 232 234 243 333
234 134 224 233 235 244 334
235 135 225 234 236 245 335
236 136 226 235 237 246 336
237 137 227 236 238 247 337
238 138 228 237 239 248 338
239 139 229 238 249 339
240 140 230 241 250 340
241 141 231 240 242 251 341
242 142 232 241 243 252 342
243 143 233 242 244 253 343
244 144 234 243 245 254 344
245 145 235 244 246 255 345
246 146 236 245 247 256 346
247 147 237 246 248 257 347
248 148 238 247 249 258 348
249 149 239 248 259 349
250 150 240 251 260 350
251 151 241 250 252 261 351
252 152 242 251 253 262 352
253 153 243 252 254 263 353
254 154 244 253 255 264 354
255 155 245 254 256 265 355
256 156 246 255 257 266 356
257 157 247 256 258 267 357
258 158 248 257 259 268 358
259 159 249 258 269 359
260 160 250 261 270 360
261 161 251 260 262 271 361
262 162 252 261 263 272 362
263 163 253 262 264 273 363
264 164 254 263 265 274 364
265 165 255 264 266 275 365
266 166 256 265 267 276 366
267 167 257 266 268 277 367
268 168 258 267 269 278 368
269 169 259 268 279 369
270 170 260 271 280 370
271 171 261 270 272 281 371
272 172 262 271 273 282 372
273 173 263 272 274 283 373
274 174 264 273 275 284 374
275 175 265 274 276 285 375
276 176 266 275 277 286 376
277 177 267 276 278 287 377
278 178 268 277 279 288 378
279 179 269 278 289 379
280 180 270 281 290 380
281 181 271 280 282 291 381
282 182 272 281 283 292 382
283 183 273 282 284 293 383
284 184 274 283 285 294 384
285 185 275 284 286 295 385
286 186 276 285 287 296 386
287 187 277 286 288 297 387
288 188 278 287 289 298 388
289 189 279 288 299 389
290 190 280 291 300 390
291 191 281 290 292 301 391
292 192 282 291 293 302 392
293 193 283 292 294 303 393
294 194 284 293 295 304 394
295 195 285 294 296 305 395
296 196 286 295 297 306 396
297 197 287 296 298 307 397
298 198 288 297 299 308 398
299 199 289 298 309 399
300 200 290 301 310 400
301 201 291 300 302 311 401
302 202 292 301 303 312 402
303 203 293 302 304 313 403
304 204 294 303 305 314 404
305 205 295 304 306 315 405
306 206 296 305 307 316 406
307 207 297 306 308 317 407
308 208 298 307 309 318 408
309 209 299 308 319 409
310 210 300 311 320 410
311 211 301 310 312 321 411
312 212 302 311 313 322 412
313 213 303 312 314 323 413
314 214 304 313 315 324 414
315 215 305 314 316 325 415
316 216 306 315 317 326 416
317 217 307 316 318 327 417
318 218 308 317 319 328 418
319 219 309 318 329 419
320 220 310 321 330 420
321 221 311 320 322 331 421
322 222 312 321 323 332 422
323 223 313 322 324 333 423
324 224 314 323 325 334 424
325 225 315 324 326 335 425
326 226 316 325 327 336 426
327 227 317 326 328 337 427
328 228 318 327 329 338 428
329 229 319 328 339 429
330 230 320 331 340 430
331 231 321 330 332 341 431
332 232 322 331 333 342 432
333 233 323 332 334 343 433
334 234 324 333 335 344 434
335 235 325 334 336 345 435
336 236 326 335 337 346 436
337 237 327 336 338 347 437
338 238 328 337 339 348 438
339 239 329 338 349 439
340 240 330 341 350 440
341 241 331 340 342 351 441
342 242 332 341 343 352 442
343 243 333 342 344 353 443
344 244 334 343 345 354 444
345 245 335 344 346 355 445
346 246 336 345 347 356 446
347 247 337 346 348 357 447
348 248 338 347 349 358 448
349 249 339 348 359 449
350 250 340 351 360 450
351 251 341 350 352 361 451
352 252 342 351 353 362 452
353 253 343 352 354 363 453
354 254 344 353 355 364 454
355 255 345 354 356 365 455
356 256 346 355 357 366 456
357 257 347 356 358 367 457
358 258 348 357 359 368 458
359 259 349 358 369 459
360 260 350 361 370 460
361 261 351 360 362 371 461
362 262 352 361 363 372 462
363 263 353 362 364 373 463
364 264 354 363 365 374 464
365 265 355 364 366 375 465
366 266 356 365 367 376 466
367 267 357 366 368 377 467
368 268 358 367 369 378 468
369 269 359 368 379 469
370 270 360 371 380 470
371 271 361 370 372 381 471
372 272 362 371 373 382 472
373 273 363 372 374 383 473
374 274 364 373 375 384 474
375 275 365 374 376 385 475
376 276 366 375 377 386 476
377 277 367 376 378 387 477
378 278 368 377 379 388 478
379 279 369 378 389 479
380 280 370 381 390 480
381 281 371 380 382 391 481
382 282 372 381 383 392 482
383 283 373 382 384 393 483
384 284 374 383 385 394 484
385 285 375 384 386 395 485
386 286 376 385 387 396 486
387 287 377 386 388 397 487
388 288 378 387 389 398 488
389 289 379 388 399 489
390 290 380 391 400 490
391 291 381 390 392 401 491
392 292 382 391 393 402 492
393 293 383 392 394 403 493
394 294 384 393 395 404 494
395 295 385 394 396 405 495
396 296 386 395 397 406 496
397 297 387 396 398 407 497
398 298 388 397 399 408 498
399 299 389 398 409 499
400 300 390 401 410 500
401 301 391 400 402 411 501
402 302 392 401 403 412 502
403 303 393 402 404 413 503
404 304 394 403 405 414 504
405 305 395 404 406 415 505
406 306 396 405 407 416 506
407 307 397 406 408 417 507
408 308 398 407 409 418 508
409 309 399 408 419 509
410 310 400 411 420 510
411 311 401 410 412 421 511
412 312 402 411 413 422 512
413 313 403 412 414 423 513
414 314 404 413 415 424 514
415 315 405 414 416 425 515
416 316 406 415 417 426 516
417 317 407 416 418 427 517
418 318 408 417 419 428 518
419 319 409 418 429 519
420 320 410 421 430 520
421 321 411 420 422 431 521
422 322 412 421 423 432 522
423 323 413 422 424 433 523
424 324 414 423 425 434 524
425 325 415 424 426 435 525
426 326 416 425 427 436 526
427 327 417 426 428 437 527
428 328 418 427 429 438 528
429 329 419 428 439 529
430 330 420 431 440 530
431 331 421 430 432 441 531
432 332 422 431 433 442 532
433 333 423 432 434 443 533
434 334 424 433 435 444 534
435 335 425 434 436 445 535
436 336 426 435 437 446 536
437 337 427 436 438 447 537
438 338 428 437 439 448 538
439 339 429 438 449 539
440 340 430 441 450 540
441 341 431 440 442 451 541
442 342 432 441 443 452 542
443 343 433 442 444 453 543
444 344 434 443 445 454 544
445 345 435 444 446 455 545
446 346 436 445 447 456 546
447 347 437 446 448 457 547
448 348 438 447 449 458 548
449 349 439 448 459 549
450 350 440 451 460 550
451 351 441 450 452 461 551
452 352 442 451 453 462 552
453 353 443 452 454 463 553
454 354 444 453 455 464 554
455 355 445 454 456 465 555
456 356 446 455 457 466 556
457 357 447 456 458 467 557
458 358 448 457 459 468 558
459 359 449 458 469 559
460 360 450 461 470 560
461 361 451 460 462 471 561
462 362 452 461 463 472 562
463 363 453 462 464 473 563
464 364 454 463 465 474 564
465 365 455 464 466 475 565
466 366 456 465 467 476 566
467 367 457 466 468 477 567
468 368 458 467 469 478 568
469 369 459 468 479 569
470 370 460 471 480 570
471 371 461 470 472 481 571
472 372 462 471 473 482 572
473 373 463 472 474 483 573
474 374 464 473 475 484 574
475 375 465 474 476 485 575
476 376 466 475 477 486 576
477 377 467 476 478 487 577
478 378 468 477 479 488 578
479 379 469 478 489 579
480 380 470 481 490 580
481 381 471 480 482 491 581
482 382 472 481 483 492 582
483 383 473 482 484 493 583
484 384 474 483 485 494 584
485 385 475 484 486 495 585
486 386 476 485 487 496 586
487 387 477 486 488 497 587
488 388 478 487 489 498 588
489 389 479 488 499 589
490 390 480 491 500 590
491 391 481 490 492 501 591
492 392 482 491 493 502 592
493 393 483 492 494 503 593
494 394 484 493 495 504 594
495 395 485 494 496 505 595
496 396 486 495 497 506 596
497 397 487 496 498 507 597
498 398 488 497 499 508 598
499 399 489 498 509 599
500 400 490 501 510 600
501 401 491 500 502 511 601
502 402 492 501 503 512 602
503 403 493 502 504 513 603
504 404 494 503 505 514 604
505 405 495 504 506 515 605
506 406 496 505 507 516 606
507 407 497 506 508 517 607
508 408 498 507 509 518 608
509 409 499 508 519 609
510 410 500 511 520 610
511 411 501 510 512 521 611
512 412 502 511 513 522 612
513 413 503 512 514 523 613
514 414 504 513 515 524 614
515 415 505 514 516 525 615
516 416 506 515 517 526 616
517 417 507 516 518 527 617
518 418 508 517 519 528 618
519 419 509 518 529 619
520 420 510 521 530 620
521 421 511 520 522 531 621
522 422 512 521 523 532 622
523 423 513 522 524 533 623
524 424 514 523 525 534 624
525 425 515 524 526 535 625
526 426 516 525 527 536 626
527 427 517 526 528 537 627
528 428 518 527 529 538 628
529 429 519 528 539 629
530 430 520 531 540 630
531 431 521 530 532 541 631
532 432 522 531 533 542 632
533 433 523 532 534 543 633
534 434 524 533 535 544 634
535 435 525 534 536 545 635
536 436 526 535 537 546 636
537 437 527 536 538 547 637
538 438 528 537 539 548 638
539 439 529 538 549 639
540 440 530 541 550 640
541 441 531 540 542 551 641
542 442 532 541 543 552 642
543 443 533 542 544 553 643
544 444 534 543 545 554 644
545 445 535 544 546 555 645
546 446 536 545 547 556 646
547 447 537 546 548 557 647
548 448 538 547 549 558 648
549 449 539 548 559 649
550 450 540 551 560 650
551 451 541 550 552 561 651
552 452 542 551 553 562 652
553 453 543 552 554 563 653
554 454 544 553 555 564 654
555 455 545 554 556 565 655
556 456 546 555 557 566 656
557 457 547 556 558 567 657
558 458 548 557 559 568 658
559 459 549 558 569 659
560 460 550 561 570 660
561 461 551 560 562 571 661
562 462 552 561 563 572 662
563 463 553 562 564 573 663
564 464 554 563 565 574 664
565 465 555 564 566 575 665
566 466 556 565 567 576 666
567 467 557 566 568 577 667
568 468 558 567 569 578 668
569 469 559 568 579 669
570 470 560 571 580 670
571 471 561 570 572 581 671
572 472 562 571 573 582 672
573 473 563 572 574 583 673
574 474 564 573 575 584 674
575 475 565 574 576 585 675
576 476 566 575 577 586 676
577 477 567 576 578 587 677
578 478 568 577 579 588 678
579 479 569 578 589 679
580 480 570 581 590 680
581 481 571 580 582 591 681
582 482 572 581 583 592 682
583 483 573 582 584 593 683
584 484 574 583 585 594 684
585 485 575 584 586 595 685
586 486 576 585 587 596 686
587 487 577 586 588 597 687
588 488 578 587 589 598 688
589 489 579 588 599 689
590 490 580 591 600 690
591 491 581 590 592 601 691
592 492 582 591 593 602 692
593 493 583 592 594 603 693
594 494 584 593 595 604 694
595 495 585 594 596 605 695
596 496 586 595 597 606 696
597 497 587 596 598 607 697
598 498 588 597 599 608 698
599 499 589 598 609 699
600 500 590 601 610 700
601 501 591 600 602 611 701
602 502 592 601 603 612 702
603 503 593 602 604 613 703
604 504 594 603 605 614 704
605 505 595 604 606 615 705
606 506 596 605 607 616 706
607 507 597 606 608 617 707
608 508 598 607 609 618 708
609 509 599 608 619 709
610 510 600 611 620 710
611 511 601 610 612 621 711
612 512 602 611 613 622 712
613 513 603 612 614 623 713
614 514 604 613 615 624 714
615 515 605 614 616 625 715
616 516 606 615 617 626 716
617 517 607 616 618 627 717
618 518 608 617 619 628 718
619 519 609 618 629 719
620 520 610 621 630 720
621 521 611 620 622 631 721
622 522 612 621 623 632 722
623 523 613 622 624 633 723
624 524 614 623 625 634 724
625 525 615 624 626 635 725
626 526 616 625 627 636 726
627 527 617 626 628 637 727
628 528 618 627 629 638 728
629 529 619 628 639 729
630 530 620 631 640 730
631 531 621 630 632 641 731
632 532 622 631 633 642 732
633 533 623 632 634 643 733
634 534 624 633 635 644 734
635 535 625 634 636 645 735
636 536 626 635 637 646 736
637 537 627 636 638 647 737
638 538 628 637 639 648 738
639 539 629 638 649 739
640 540 630 641 650 740
641 541 631 640 642 651 741
642 542 632 641 643 652 742
643 543 633 642 644 653 743
644 544 634 643 645 654 744
645 545 635 644 646 655 745
646 546 636 645 647 656 746
647 547 637 646 648 657 747
648 548 638 647 649 658 748
649 549 639 648 659 749
650 550 640 651 660 750
651 551 641 650 652 661 751
652 552 642 651 653 662 752
653 553 643 652 654 663 753
654 554 644 653 655 664 754
655 555 645 654 656 665 755
656 556 646 655 657 666 756
657 557 647 656 658 667 757
658 558 648 657 659 668 758
659 559 649 658 669 759
660 560 650 661 670 760
661 561 651 660 662 671 761
662 562 652 661 663 672 762
663 563 653 662 664 673 763
664 564 654 663 665 674 764
665 565 655 664 666 675 765
666 566 656 665 667 676 766
667 567 657 666 668 677 767
668 568 658 667 669 678 768
669 569 659 668 679 769
670 570 660 671 680 770
671 571 661 670 672 681 771
672 572 662 671 673 682 772
673 573 663 672 674 683 773
674 574 664 673 675 684 774
675 575 665 674 676 685 775
676 576 666 675 677 686 776
677 577 667 676 678 687 777
678 578 668 677 679 688 778
679 579 669 678 689 779
680 580 670 681 690 780
681 581 671 680 682 691 781
682 582 672 681 683 692 782
683 583 673 682 684 693 783
684 584 674 683 685 694 784
685 585 675 684 686 695 785
686 586 676 685 687 696 786
687 587 677 686 688 697 787
688 588 678 687 689 698 788
689 589 679 688 699 789
690 590 680 691 700 790
691 591 681 690 692 701 791
692 592 682 691 693 702 792
693 593 683 692 694 703 793
694 594 684 693 695 704 794
695 595 685 694 696 705 795
696 596 686 695 697 706 796
697 597 687 696 698 707 797
698 598 688 697 699 708 798
699 599 689 698 709 799
700 600 690 701 710 800
701 601 691 700 702 711 801
702 602 692 701 703 712 802
703 603 693 702 704 713 803
704 604 694 703 705 714 804
705 605 695 704 706 715 805
706 606 696 705 707 716 806
707 607 697 706 708 717 807
708 608 698 707 709 718 808
709 609 699 708 719 809
710 610 700 711 720 810
711 611 701 710 712 721 811
712 612 702 711 713 722 812
713 613 703 712 714 723 813
714 614 704 713 715 724 814
715 615 705 714 716 725 815
716 616 706 715 717 726 816
717 617 707 716 718 727 817
718 618 708 717 719 728 818
719 619 709 718 729 819
720 620 710 721 730 820
721 621 711 720 722 731 821
722 622 712 721 723 732 822
723 623 713 722 724 733 823
724 624 714 723 725 734 824
725 625 715 724 726 735 825
726 626 716 725 727 736 826
727 627 717 726 728 737 827
728 628 718 727 729 738 828
729 629 719 728 739 829
730 630 720 731 740 830
731 631 721 730 732 741 831
732 632 722 731 733 742 832
733 633 723 732 734 743 833
734 634 724 733 735 744 834
735 635 725 734 736 745 835
736 636 726 735 737 746 836
737 637 727 736 738 747 837
738 638 728 737 739 748 838
739 639 729 738 749 839
740 640 730 741 750 840
741 641 731 740 742 751 841
742 642 732 741 743 752 842
743 643 733 742 744 753 843
744 644 734 743 745 754 844
745 645 735 744 746 755 845
746 646 736 745 747 756 846
747 647 737 746 748 757 847
748 648 738 747 749 758 848
749 649 739 748 759 849
750 650 740 751 760 850
751 651 741 750 752 761 851
752 652 742 751 753 762 852
753 653 743 752 754 763 853
754 654 744 753 755 764 854
755 655 745 754 756 765 855
756 656 746 755 757 766 856
757 657 747 756 758 767 857
758 658 748 757 759 768 858
759 659 749 758 769 859
760 660 750 761 770 860
761 661 751 760 762 771 861
762 662 752 761 763 772 862
763 663 753 762 764 773 863
764 664 754 763 765 774 864
765 665 755 764 766 775 865
766 666 756 765 767 776 866
767 667 757 766 768 777 867
768 668 758 767 769 778 868
769 669 759 768 779 869
770 670 760 771 780 870
771 671 761 770 772 781 871
772 672 762 771 773 782 872
773 673 763 772 774 783 873
774 674 764 773 775 784 874
775 675 765 774 776 785 875
776 676 766 775 777 786 876
777 677 767 776 778 787 877
778 678 768 777 779 788 878
779 679 769 778 789 879
780 680 770 781 790 880
781 681 771 780 782 791 881
782 682 772 781 783 792 882
783 683 773 782 784 793 883
784 684 774 783 785 794 884
785 685 775 784 786 795 885
786 686 776 785 787 796 886
787 687 777 786 788 797 887
788 688 778 787 789 798 888
789 689 779 788 799 889
790 690 780 791 800 890
791 691 781 790 792 801 891
792 692 782 791 793 802 892
793 693 783 792 794 803 893
794 694 784 793 795 804 894
795 695 785 794 796 805 895
796 696 786 795 797 806 896
797 697 787 796 798 807 897
798 698 788 797 799 808 898
799 699 789 798 809 899
800 700 790 801 810 900
801 701 791 800 802 811 901
802 702 792 801 803 812 902
803 703 793 802 804 813 903
804 704 794 803 805 814 904
805 705 795 804 806 815 905
806 706 796 805 807 816 906
807 707 797 806 808 817 907
808 708 798 807 809 818 908
809 709 799 808 819 909
810 710 800 811 820 910
811 711 801 810 812 821 911
812 712 802 811 813 822 912
813 713 803 812 814 823 913
814 714 804 813 815 824 914
815 715 805 814 816 825 915
816 716 806 815 817 826 916
817 717 807 816 818 827 917
818 718 808 817 819 828 918
819 719 809 818 829 919
820 720 810 821 830 920
821 721 811 820 822 831 921
822 722 812 821 823 832 922
823 723 813 822 824 833 923
824 724 814 823 825 834 924
825 725 815 824 826 835 925
826 726 816 825 827 836 926
827 727 817 826 828 837 927
828 728 818 827 829 838 928
829 729 819 828 839 929
830 730 820 831 840 930
831 731 821 830 832 841 931
832 732 822 831 833 842 932
833 733 823 832 834 843 933
834 734 824 833 835 844 934
835 735 825 834 836 845 935
836 736 826 835 837 846 936
837 737 827 836 838 847 937
838 738 828 837 839 848 938
839 739 829 838 849 939
840 740 830 841 850 940
841 741 831 840 842 851 941
842 742 832 841 843 852 942
843 743 833 842 844 853 943
844 744 834 843 845 854 944
845 745 835 844 846 855 945
846 746 836 845 847 856 946
847 747 837 846 848 857 947
848 748 838 847 849 858 948
849 749 839 848 859 949
850 750 840 851 860 950
851 751 841 850 852 861 951
852 752 842 851 853 862 952
853 753 843 852 854 863 953
854 754 844 853 855 864 954
855 755 845 854 856 865 955
856 756 846 855 857 866 956
857 757 847 856 858 867 957
858 758 848 857 859 868 958
859 759 849 858 869 959
860 760 850 861 870 960
861 761 851 860 862 871 961
862 762 852 861 863 872 962
863 763 853 862 864 873 963
864 764 854 863 865 874 964
865 765 855 864 866 875 965
866 766 856 865 867 876 966
867 767 857 866 868 877 967
868 768 858 867 869 878 968
869 769 859 868 879 969
870 770 860 871 880 970
871 771 861 870 872 881 971
872 772 862 871 873 882 972
873 773 863 872 874 883 973
874 774 864 873 875 884 974
875 775 865 874 876 885 975
876 776 866 875 877 886 976
877 777 867 876 878 887 977
878 778 868 877 879 888 978
879 779 869 878 889 979
880 780 870 881 890 980
881 781 871 880 882 891 981
882 782 872 881 883 892 982
883 783 873 882 884 893 983
884 784 874 883 885 894 984
885 785 875 884 886 895 985
886 786 876 885 887 896 986
887 787 877 886 888 897 987
888 788 878 887 889 898 988
889 789 879 888 899 989
890 790 880 891 900 990
891 791 881 890 892 901 991
892 792 882 891 893 902 992
893 793 883 892 894 903 993
894 794 884 893 895 904 994
895 795 885 894 896 905 995
896 796 886 895 897 906 996
897 797 887 896 898 907 997
898 798 888 897 899 908 998
899 799 889 898 909 999
900 800 890 901 910
901 801 891 900 902 911
902 802 892 901 903 912
903 803 893 902 904 913
904 804 894 903 905 914
905 805 895 904 906 915
906 806 896 905 907 916
907 807 897 906 908 917
908 808 898 907 909 918
909 809 899 908 919
910 810 900 911 920
911 811 901 910 912 921
912 812 902 911 913 922
913 813 903 912 914 923
914 814 904 913 915 924
915 815 905 914 916 925
916 816 906 915 917 926
917 817 907 916 918 927
918 818 908 917 919 928
919 819 909 918 929
920 820 910 921 930
921 821 911 920 922 931
922 822 912 921 923 932
923 823 913 922 924 933
924 824 914 923 925 934
925 825 915 924 926 935
926 826 916 925 927 936
927 827 917 926 928 937
928 828 918 927 929 938
929 829 919 928 939
930 830 920 931 940
931 831 921 930 932 941
932 832 922 931 933 942
933 833 923 932 934 943
934 834 924 933 935 944
935 835 925 934 936 945
936 836 926 935 937 946
937 837 927 936 938 947
938 838 928 937 939 948
939 839 929 938 949
940 840 930 941 950
941 841 931 940 942 951
942 842 932 941 943 952
943 843 933 942 944 953
944 844 934 943 945 954
945 845 935 944 946 955
946 846 936 945 947 956
947 847 937 946 948 957
948 848 938 947 949 958
949 849 939 948 959
950 850 940 951 960
951 851 941 950 952 961
952 852 942 951 953 962
953 853 943 952 954 963
954 854 944 953 955 964
955 855 945 954 956 965
956 856 946 955 957 966
957 857 947 956 958 967
958 858 948 957 959 968
959 859 949 958 969
960 860 950 961 970
961 861 951 960 962 971
962 862 952 961 963 972
963 863 953 962 964 973
964 864 954 963 965 974
965 865 955 964 966 975
966 866 956 965 967 976
967 867 957 966 968 977
968 868 958 967 969 978
969 869 959 968 979
970 870 960 971 980
971 871 961 970 972 981
972 872 962 971 973 982
973 873 963 972 974 983
974 874 964 973 975 984
975 875 965 974 976 985
976 876 966 975 977 986
977 877 967 976 978 987
978 878 968 977 979 988
979 879 969 978 989
980 880 970 981 990
981 881 971 980 982 991
982 882 972 981 983 992
983 883 973 982 984 993
984 884 974 983 985 994
985 885 975 984 986 995
986 886 976 985 987 996
987 887 977 986 988 997
988 888 978 987 989 998
989 889 979 988 999
990 890 980 991
991 891 981 990 992
992 892 982 991 993
993 893 983 992 994
994 894 984 993 995
995 895 985 994 996
996 896 986 995 997
997 897 987 996 998
998 898 988 997 999
999 899 989 998
