0 1 5 25
1 0 2 6 26
2 1 3 7 27
3 2 4 8 28
4 3 9 29
5 0 6 10 30
6 1 5 7 11 31
7 2 6 8 12 32
8 3 7 9 13 33
9 4 8 14 34
10 5 11 15 35
11 6 10 12 16 36
12 7 11 13 17 37
13 8 12 14 18 38
14 9 13 19 39
15 10 16 20 40
16 11 15 17 21 41
17 12 16 18 22 42
18 13 17 19 23 43
19 14 18 24 44
20 15 21 25 45
21 16 20 22 26 46
22 17 21 23 27 47
23 18 22 24 28 48
24 19 23 29 49
25 0 20 26 30
26 1 21 25 27 31
27 2 22 26 28 32
28 3 23 27 29 33
29 4 24 28 34
30 5 25 31 35
31 6 26 30 32 36
32 7 27 31 33 37
33 8 28 32 34 38
34 9 29 33 39
35 10 30 36 40
36 11 31 35 37 41
37 12 32 36 38 42
38 13 33 37 39 43
39 14 34 38 44
40 15 35 41 45
41 16 36 40 42 46
42 17 37 41 43 47
43 18 38 42 44 48
44 19 39 43 49
45 20 40 46
46 21 41 45 47
47 22 42 46 48
48 23 43 47 49
49 24 44 48
