0 1 10 100
1 0 2 11 101
2 1 3 12 102
3 2 4 13 103
4 3 5 14 104
5 4 6 15 105
6 5 7 16 106
7 6 8 17 107
8 7 9 18 108
9 8 19 109
10 0 11 20 110
11 1 10 12 21 111
12 2 11 13 22 112
13 3 12 14 23 113
14 4 13 15 24 114
15 5 14 16 25 115
16 6 15 17 26 116
17 7 16 18 27 117
18 8 17 19 28 118
19 9 18 29 119
20 10 21 30 120
21 11 20 22 31 121
22 12 21 23 32 122
23 13 22 24 33 123
24 14 23 25 34 124
25 15 24 26 35 125
26 16 25 27 36 126
27 17 26 28 37 127
28 18 27 29 38 128
29 19 28 39 129
30 20 31 40 130
31 21 30 32 41 131
32 22 31 33 42 132
33 23 32 34 43 133
34 24 33 35 44 134
35 25 34 36 45 135
36 26 35 37 46 136
37 27 36 38 47 137
38 28 37 39 48 138
39 29 38 49 139
40 30 41 50 140
41 31 40 42 51 141
42 32 41 43 52 142
43 33 42 44 53 143
44 34 43 45 54 144
45 35 44 46 55 145
46 36 45 47 56 146
47 37 46 48 57 147
48 38 47 49 58 148
49 39 48 59 149
50 40 51 60 150
51 41 50 52 61 151
52 42 51 53 62 152
53 43 52 54 63 153
54 44 53 55 64 154
55 45 54 56 65 155
56 46 55 57 66 156
57 47 56 58 67 157
58 48 57 59 68 158
59 49 58 69 159
60 50 61 70 160
61 51 60 62 71 161
62 52 61 63 72 162
63 53 62 64 73 163
64 54 63 65 74 164
65 55 64 66 75 165
66 56 65 67 76 166
67 57 66 68 77 167
68 58 67 69 78 168
69 59 68 79 169
70 60 71 80 170
71 61 70 72 81 171
72 62 71 73 82 172
73 63 72 74 83 173
74 64 73 75 84 174
75 65 74 76 85 175
76 66 75 77 86 176
77 67 76 78 87 177
78 68 77 79 88 178
79 69 78 89 179
80 70 81 90 180
81 71 80 82 91 181
82 72 81 83 92 182
83 73 82 84 93 183
84 74 83 85 94 184
85 75 84 86 95 185
86 76 85 87 96 186
87 77 86 88 97 187
88 78 87 89 98 188
89 79 88 99 189
90 80 91 100 190
91 81 90 92 101 191
92 82 91 93 102 192
93 83 92 94 103 193
94 84 93 95 104 194
95 85 94 96 105 195
96 86 95 97 106 196
97 87 96 98 107 197
98 88 97 99 108 198
99 89 98 109 199
100 0 90 101 110 200
101 1 91 100 102 111 201
102 2 92 101 103 112 202
103 3 93 102 104 113 203
104 4 94 103 105 114 204
105 5 95 104 106 115 205
106 6 96 105 107 116 206
107 7 97 106 108 117 207
108 8 98 107 109 118 208
109 9 99 108 119 209
110 10 100 111 120 210
111 11 101 110 112 121 211
112 12 102 111 113 122 212
113 13 103 112 114 123 213
114 14 104 113 115 124 214
115 15 105 114 116 125 215
116 16 106 115 117 126 216
117 17 107 116 118 127 217
118 18 108 117 119 128 218
119 19 109 118 129 219
120 20 110 121 130 220
121 21 111 120 122 131 221
122 22 112 121 123 132 222
123 23 113 122 124 133 223
124 24 114 123 125 134 224
125 25 115 124 126 135 225
126 26 116 125 127 136 226
127 27 117 126 128 137 227
128 28 118 127 129 138 228
129 29 119 128 139 229
130 30 120 131 140 230
131 31 121 130 132 141 231
132 32 122 131 133 142 232
133 33 123 132 134 143 233
134 34 124 133 135 144 234
135 35 125 134 136 145 235
136 36 126 135 137 146 236
137 37 127 136 138 147 237
138 38 128 137 139 148 238
139 39 129 138 149 239
140 40 130 141 150 240
141 41 131 140 142 151 241
142 42 132 141 143 152 242
143 43 133 142 144 153 243
144 44 134 143 145 154 244
145 45 135 144 146 155 245
146 46 136 145 147 156 246
147 47 137 146 148 157 247
148 48 138 147 149 158 248
149 49 139 148 159 249
150 50 140 151 160 250
151 51 141 150 152 161 251
152 52 142 151 153 162 252
153 53 143 152 154 163 253
154 54 144 153 155 164 254
155 55 145 154 156 165 255
156 56 146 155 157 166 256
157 57 147 156 158 167 257
158 58 148 157 159 168 258
159 59 149 158 169 259
160 60 150 161 170 260
161 61 151 160 162 171 261
162 62 152 161 163 172 262
163 63 153 162 164 173 263
164 64 154 163 165 174 264
165 65 155 164 166 175 265
166 66 156 165 167 176 266
167 67 157 166 168 177 267
168 68 158 167 169 178 268
169 69 159 168 179 269
170 70 160 171 180 270
171 71 161 170 172 181 271
172 72 162 171 173 182 272
173 73 163 172 174 183 273
174 74 164 173 175 184 274
175 75 165 174 176 185 275
176 76 166 175 177 186 276
177 77 167 176 178 187 277
178 78 168 177 179 188 278
179 79 169 178 189 279
180 80 170 181 190 280
181 81 171 180 182 191 281
182 82 172 181 183 192 282
183 83 173 182 184 193 283
184 84 174 183 185 194 284
185 85 175 184 186 195 285
186 86 176 185 187 196 286
187 87 177 186 188 197 287
188 88 178 187 189 198 288
189 89 179 188 199 289
190 90 180 191 200 290
191 91 181 190 192 201 291
192 92 182 191 193 202 292
193 93 183 192 194 203 293
194 94 184 193 195 204 294
195 95 185 194 196 205 295
196 96 186 195 197 206 296
197 97 187 196 198 207 297
198 98 188 197 199 208 298
199 99 189 198 209 299
200 100 190 201 210 300
201 101 191 200 202 211 301
202 102 192 201 203 212 302
203 103 193 202 204 213 303
204 104 194 203 205 214 304
205 105 195 204 206 215 305
206 106 196 205 207 216 306
207 107 197 206 208 217 307
208 108 198 207 209 218 308
209 109 199 208 219 309
210 110 200 211 220 310
211 111 201 210 212 221 311
212 112 202 211 213 222 312
213 113 203 212 214 223 313
214 114 204 213 215 224 314
215 115 205 214 216 225 315
216 116 206 215 217 226 316
217 117 207 216 218 227 317
218 118 208 217 219 228 318
219 119 209 218 229 319
220 120 210 221 230 320
221 121 211 220 222 231 321
222 122 212 221 223 232 322
223 123 213 222 224 233 323
224 124 214 223 225 234 324
225 125 215 224 226 235 325
226 126 216 225 227 236 326
227 127 217 226 228 237 327
228 128 218 227 229 238 328
229 129 219 228 239 329
230 130 220 231 240 330
231 131 221 230 232 241 331
232 132 222 231 233 242 332
233 133 223 232 234 243 333
234 134 224 233 235 244 334
235 135 225 234 236 245 335
236 136 226 235 237 246 336
237 137 227 236 238 247 337
238 138 228 237 239 248 338
239 139 229 238 249 339
240 140 230 241 250 340
241 141 231 240 242 251 341
242 142 232 241 243 252 342
243 143 233 242 244 253 343
244 144 234 243 245 254 344
245 145 235 244 246 255 345
246 146 236 245 247 256 346
247 147 237 246 248 257 347
248 148 238 247 249 258 348
249 149 239 248 259 349
250 150 240 251 260 350
251 151 241 250 252 261 351
252 152 242 251 253 262 352
253 153 243 252 254 263 353
254 154 244 253 255 264 354
255 155 245 254 256 265 355
256 156 246 255 257 266 356
257 157 247 256 258 267 357
258 158 248 257 259 268 358
259 159 249 258 269 359
260 160 250 261 270 360
261 161 251 260 262 271 361
262 162 252 261 263 272 362
263 163 253 262 264 273 363
264 164 254 263 265 274 364
265 165 255 264 266 275 365
266 166 256 265 267 276 366
267 167 257 266 268 277 367
268 168 258 267 269 278 368
269 169 259 268 279 369
270 170 260 271 280 370
271 171 261 270 272 281 371
272 172 262 271 273 282 372
273 173 263 272 274 283 373
274 174 264 273 275 284 374
275 175 265 274 276 285 375
276 176 266 275 277 286 376
277 177 267 276 278 287 377
278 178 268 277 279 288 378
279 179 269 278 289 379
280 180 270 281 290 380
281 181 271 280 282 291 381
282 182 272 281 283 292 382
283 183 273 282 284 293 383
284 184 274 283 285 294 384
285 185 275 284 286 295 385
286 186 276 285 287 296 386
287 187 277 286 288 297 387
288 188 278 287 289 298 388
289 189 279 288 299 389
290 190 280 291 300 390
291 191 281 290 292 301 391
292 192 282 291 293 302 392
293 193 283 292 294 303 393
294 194 284 293 295 304 394
295 195 285 294 296 305 395
296 196 286 295 297 306 396
297 197 287 296 298 307 397
298 198 288 297 299 308 398
299 199 289 298 309 399
300 200 290 301 310 400
301 201 291 300 302 311 401
302 202 292 301 303 312 402
303 203 293 302 304 313 403
304 204 294 303 305 314 404
305 205 295 304 306 315 405
306 206 296 305 307 316 406
307 207 297 306 308 317 407
308 208 298 307 309 318 408
309 209 299 308 319 409
310 210 300 311 320 410
311 211 301 310 312 321 411
312 212 302 311 313 322 412
313 213 303 312 314 323 413
314 214 304 313 315 324 414
315 215 305 314 316 325 415
316 216 306 315 317 326 416
317 217 307 316 318 327 417
318 218 308 317 319 328 418
319 219 309 318 329 419
320 220 310 321 330 420
321 221 311 320 322 331 421
322 222 312 321 323 332 422
323 223 313 322 324 333 423
324 224 314 323 325 334 424
325 225 315 324 326 335 425
326 226 316 325 327 336 426
327 227 317 326 328 337 427
328 228 318 327 329 338 428
329 229 319 328 339 429
330 230 320 331 340 430
331 231 321 330 332 341 431
332 232 322 331 333 342 432
333 233 323 332 334 343 433
334 234 324 333 335 344 434
335 235 325 334 336 345 435
336 236 326 335 337 346 436
337 237 327 336 338 347 437
338 238 328 337 339 348 438
339 239 329 338 349 439
340 240 330 341 350 440
341 241 331 340 342 351 441
342 242 332 341 343 352 442
343 243 333 342 344 353 443
344 244 334 343 345 354 444
345 245 335 344 346 355 445
346 246 336 345 347 356 446
347 247 337 346 348 357 447
348 248 338 347 349 358 448
349 249 339 348 359 449
350 250 340 351 360 450
351 251 341 350 352 361 451
352 252 342 351 353 362 452
353 253 343 352 354 363 453
354 254 344 353 355 364 454
355 255 345 354 356 365 455
356 256 346 355 357 366 456
357 257 347 356 358 367 457
358 258 348 357 359 368 458
359 259 349 358 369 459
360 260 350 361 370 460
361 261 351 360 362 371 461
362 262 352 361 363 372 462
363 263 353 362 364 373 463
364 264 354 363 365 374 464
365 265 355 364 366 375 465
366 266 356 365 367 376 466
367 267 357 366 368 377 467
368 268 358 367 369 378 468
369 269 359 368 379 469
370 270 360 371 380 470
371 271 361 370 372 381 471
372 272 362 371 373 382 472
373 273 363 372 374 383 473
374 274 364 373 375 384 474
375 275 365 374 376 385 475
376 276 366 375 377 386 476
377 277 367 376 378 387 477
378 278 368 377 379 388 478
379 279 369 378 389 479
380 280 370 381 390 480
381 281 371 380 382 391 481
382 282 372 381 383 392 482
383 283 373 382 384 393 483
384 284 374 383 385 394 484
385 285 375 384 386 395 485
386 286 376 385 387 396 486
387 287 377 386 388 397 487
388 288 378 387 389 398 488
389 289 379 388 399 489
390 290 380 391 400 490
391 291 381 390 392 401 491
392 292 382 391 393 402 492
393 293 383 392 394 403 493
394 294 384 393 395 404 494
395 295 385 394 396 405 495
396 296 386 395 397 406 496
397 297 387 396 398 407 497
398 298 388 397 399 408 498
399 299 389 398 409 499
400 300 390 401 410
401 301 391 400 402 411
402 302 392 401 403 412
403 303 393 402 404 413
404 304 394 403 405 414
405 305 395 404 406 415
406 306 396 405 407 416
407 307 397 406 408 417
408 308 398 407 409 418
409 309 399 408 419
410 310 400 411 420
411 311 401 410 412 421
412 312 402 411 413 422
413 313 403 412 414 423
414 314 404 413 415 424
415 315 405 414 416 425
416 316 406 415 417 426
417 317 407 416 418 427
418 318 408 417 419 428
419 319 409 418 429
420 320 410 421 430
421 321 411 420 422 431
422 322 412 421 423 432
423 323 413 422 424 433
424 324 414 423 425 434
425 325 415 424 426 435
426 326 416 425 427 436
427 327 417 426 428 437
428 328 418 427 429 438
429 329 419 428 439
430 330 420 431 440
431 331 421 430 432 441
432 332 422 431 433 442
433 333 423 432 434 443
434 334 424 433 435 444
435 335 425 434 436 445
436 336 426 435 437 446
437 337 427 436 438 447
438 338 428 437 439 448
439 339 429 438 449
440 340 430 441 450
441 341 431 440 442 451
442 342 432 441 443 452
443 343 433 442 444 453
444 344 434 443 445 454
445 345 435 444 446 455
446 346 436 445 447 456
447 347 437 446 448 457
448 348 438 447 449 458
449 349 439 448 459
450 350 440 451 460
451 351 441 450 452 461
452 352 442 451 453 462
453 353 443 452 454 463
454 354 444 453 455 464
455 355 445 454 456 465
456 356 446 455 457 466
457 357 447 456 458 467
458 358 448 457 459 468
459 359 449 458 469
460 360 450 461 470
461 361 451 460 462 471
462 362 452 461 463 472
463 363 453 462 464 473
464 364 454 463 465 474
465 365 455 464 466 475
466 366 456 465 467 476
467 367 457 466 468 477
468 368 458 467 469 478
469 369 459 468 479
470 370 460 471 480
471 371 461 470 472 481
472 372 462 471 473 482
473 373 463 472 474 483
474 374 464 473 475 484
475 375 465 474 476 485
476 376 466 475 477 486
477 377 467 476 478 487
478 378 468 477 479 488
479 379 469 478 489
480 380 470 481 490
481 381 471 480 482 491
482 382 472 481 483 492
483 383 473 482 484 493
484 384 474 483 485 494
485 385 475 484 486 495
486 386 476 485 487 496
487 387 477 486 488 497
488 388 478 487 489 498
489 389 479 488 499
490 390 480 491
491 391 481 490 492
492 392 482 491 493
493 393 483 492 494
494 394 484 493 495
495 395 485 494 496
496 396 486 495 497
497 397 487 496 498
498 398 488 497 499
499 399 489 498
