0 24.3 55.7
1 15.9 47.6
2 87.2 22.9
3 16.8 78.5
4 15.5 54.9
6 14.9 26.8
7 15.7 64.7
8 5.4 55.3
10 89.7 23.6
11 12.6 64.6
12 12.0 26.8
13 6.9 91.1
14 16.3 92.4
15 21.8 85.7
16 92.8 18.9
17 79.3 22.0
18 10.2 60.9
19 17.4 50.2
20 13.8 34.7
21 6.8 27.9
22 13.1 61.6
23 67.9 42.6
24 9.9 19.8
25 11.8 28.8
28 97.5 14.4
29 13.3 89.2
30 25.0 28.8
31 95.2 11.9
32 16.8 36.9
33 97.5 28.8
34 5.2 24.5
35 21.9 33.4
36 13.1 34.6
37 72.3 23.0
39 20.3 37.4
40 15.3 25.5
41 22.5 93.2
42 60.0 21.9
43 90.8 34.0
44 16.2 88.8
45 87.3 29.2
46 16.2 61.2
47 18.4 84.3
48 79.2 10.9
49 15.7 77.0
50 85.7 23.7
51 74.3 35.2
52 6.6 88.8
53 98.5 14.7
54 7.3 65.1
55 10.4 33.1
56 8.2 33.1
57 19.4 38.4
58 13.7 29.7
59 71.2 41.0
60 9.2 53.4
61 17.3 89.1
62 7.7 89.6
63 9.0 35.0
64 19.8 32.4
65 18.4 32.8
66 83.1 34.4
68 80.5 21.8
69 13.7 54.4
70 65.9 10.4
72 22.0 56.8
74 70.6 16.9
75 17.0 38.7
76 68.4 40.7
79 14.3 85.1
80 23.2 31.3
81 82.4 16.7
82 80.1 42.4
83 96.4 10.8
84 18.3 14.8
85 7.8 93.0
86 15.4 27.8
88 21.6 48.2
89 9.3 69.7
92 86.3 37.2
93 17.7 72.3
96 9.6 44.8
98 5.2 89.0
99 69.3 11.7
