1
2
3
11
13
15
18
20
21
25
31
32
35
39
41
43
44
46
48
51
53
54
55
58
59
61
62
64
66
68
69
88
92
96
101
104
108
111
113
117
119
120
124
125
127
128
129
134
139
143
146
150
151
152
154
157
159
160
165
166
170
172
173
181
182
185
186
190
193
196
200
201
203
207
210
211
212
214
215
221
222
223
227
229
234
236
240
248
250
251
257
261
263
264
267
269
272
286
289
290
291
296
302
309
310
311
315
317
318
323
325
326
328
329
331
333
334
338
340
345
346
348
351
354
355
358
359
363
364
365
367
369
371
372
376
377
380
381
383
386
395
397
399
400
402
403
404
406
408
419
421
423
428
437
438
441
448
449
453
457
458
461
462
466
467
470
471
473
474
477
478
479
480
483
487
490
491
495