0 1 10 150
1 0 2 11 151
2 1 3 12 152
3 2 4 13 153
4 3 5 14 154
5 4 6 15 155
6 5 7 16 156
7 6 8 17 157
8 7 9 18 158
9 8 19 159
10 0 11 20 160
11 1 10 12 21 161
12 2 11 13 22 162
13 3 12 14 23 163
14 4 13 15 24 164
15 5 14 16 25 165
16 6 15 17 26 166
17 7 16 18 27 167
18 8 17 19 28 168
19 9 18 29 169
20 10 21 30 170
21 11 20 22 31 171
22 12 21 23 32 172
23 13 22 24 33 173
24 14 23 25 34 174
25 15 24 26 35 175
26 16 25 27 36 176
27 17 26 28 37 177
28 18 27 29 38 178
29 19 28 39 179
30 20 31 40 180
31 21 30 32 41 181
32 22 31 33 42 182
33 23 32 34 43 183
34 24 33 35 44 184
35 25 34 36 45 185
36 26 35 37 46 186
37 27 36 38 47 187
38 28 37 39 48 188
39 29 38 49 189
40 30 41 50 190
41 31 40 42 51 191
42 32 41 43 52 192
43 33 42 44 53 193
44 34 43 45 54 194
45 35 44 46 55 195
46 36 45 47 56 196
47 37 46 48 57 197
48 38 47 49 58 198
49 39 48 59 199
50 40 51 60 200
51 41 50 52 61 201
52 42 51 53 62 202
53 43 52 54 63 203
54 44 53 55 64 204
55 45 54 56 65 205
56 46 55 57 66 206
57 47 56 58 67 207
58 48 57 59 68 208
59 49 58 69 209
60 50 61 70 210
61 51 60 62 71 211
62 52 61 63 72 212
63 53 62 64 73 213
64 54 63 65 74 214
65 55 64 66 75 215
66 56 65 67 76 216
67 57 66 68 77 217
68 58 67 69 78 218
69 59 68 79 219
70 60 71 80 220
71 61 70 72 81 221
72 62 71 73 82 222
73 63 72 74 83 223
74 64 73 75 84 224
75 65 74 76 85 225
76 66 75 77 86 226
77 67 76 78 87 227
78 68 77 79 88 228
79 69 78 89 229
80 70 81 90 230
81 71 80 82 91 231
82 72 81 83 92 232
83 73 82 84 93 233
84 74 83 85 94 234
85 75 84 86 95 235
86 76 85 87 96 236
87 77 86 88 97 237
88 78 87 89 98 238
89 79 88 99 239
90 80 91 100 240
91 81 90 92 101 241
92 82 91 93 102 242
93 83 92 94 103 243
94 84 93 95 104 244
95 85 94 96 105 245
96 86 95 97 106 246
97 87 96 98 107 247
98 88 97 99 108 248
99 89 98 109 249
100 90 101 110 250
101 91 100 102 111 251
102 92 101 103 112 252
103 93 102 104 113 253
104 94 103 105 114 254
105 95 104 106 115 255
106 96 105 107 116 256
107 97 106 108 117 257
108 98 107 109 118 258
109 99 108 119 259
110 100 111 120 260
111 101 110 112 121 261
112 102 111 113 122 262
113 103 112 114 123 263
114 104 113 115 124 264
115 105 114 116 125 265
116 106 115 117 126 266
117 107 116 118 127 267
118 108 117 119 128 268
119 109 118 129 269
120 110 121 130 270
121 111 120 122 131 271
122 112 121 123 132 272
123 113 122 124 133 273
124 114 123 125 134 274
125 115 124 126 135 275
126 116 125 127 136 276
127 117 126 128 137 277
128 118 127 129 138 278
129 119 128 139 279
130 120 131 140 280
131 121 130 132 141 281
132 122 131 133 142 282
133 123 132 134 143 283
134 124 133 135 144 284
135 125 134 136 145 285
136 126 135 137 146 286
137 127 136 138 147 287
138 128 137 139 148 288
139 129 138 149 289
140 130 141 150 290
141 131 140 142 151 291
142 132 141 143 152 292
143 133 142 144 153 293
144 134 143 145 154 294
145 135 144 146 155 295
146 136 145 147 156 296
147 137 146 148 157 297
148 138 147 149 158 298
149 139 148 159 299
150 0 140 151 160 300
151 1 141 150 152 161 301
152 2 142 151 153 162 302
153 3 143 152 154 163 303
154 4 144 153 155 164 304
155 5 145 154 156 165 305
156 6 146 155 157 166 306
157 7 147 156 158 167 307
158 8 148 157 159 168 308
159 9 149 158 169 309
160 10 150 161 170 310
161 11 151 160 162 171 311
162 12 152 161 163 172 312
163 13 153 162 164 173 313
164 14 154 163 165 174 314
165 15 155 164 166 175 315
166 16 156 165 167 176 316
167 17 157 166 168 177 317
168 18 158 167 169 178 318
169 19 159 168 179 319
170 20 160 171 180 320
171 21 161 170 172 181 321
172 22 162 171 173 182 322
173 23 163 172 174 183 323
174 24 164 173 175 184 324
175 25 165 174 176 185 325
176 26 166 175 177 186 326
177 27 167 176 178 187 327
178 28 168 177 179 188 328
179 29 169 178 189 329
180 30 170 181 190 330
181 31 171 180 182 191 331
182 32 172 181 183 192 332
183 33 173 182 184 193 333
184 34 174 183 185 194 334
185 35 175 184 186 195 335
186 36 176 185 187 196 336
187 37 177 186 188 197 337
188 38 178 187 189 198 338
189 39 179 188 199 339
190 40 180 191 200 340
191 41 181 190 192 201 341
192 42 182 191 193 202 342
193 43 183 192 194 203 343
194 44 184 193 195 204 344
195 45 185 194 196 205 345
196 46 186 195 197 206 346
197 47 187 196 198 207 347
198 48 188 197 199 208 348
199 49 189 198 209 349
200 50 190 201 210 350
201 51 191 200 202 211 351
202 52 192 201 203 212 352
203 53 193 202 204 213 353
204 54 194 203 205 214 354
205 55 195 204 206 215 355
206 56 196 205 207 216 356
207 57 197 206 208 217 357
208 58 198 207 209 218 358
209 59 199 208 219 359
210 60 200 211 220 360
211 61 201 210 212 221 361
212 62 202 211 213 222 362
213 63 203 212 214 223 363
214 64 204 213 215 224 364
215 65 205 214 216 225 365
216 66 206 215 217 226 366
217 67 207 216 218 227 367
218 68 208 217 219 228 368
219 69 209 218 229 369
220 70 210 221 230 370
221 71 211 220 222 231 371
222 72 212 221 223 232 372
223 73 213 222 224 233 373
224 74 214 223 225 234 374
225 75 215 224 226 235 375
226 76 216 225 227 236 376
227 77 217 226 228 237 377
228 78 218 227 229 238 378
229 79 219 228 239 379
230 80 220 231 240 380
231 81 221 230 232 241 381
232 82 222 231 233 242 382
233 83 223 232 234 243 383
234 84 224 233 235 244 384
235 85 225 234 236 245 385
236 86 226 235 237 246 386
237 87 227 236 238 247 387
238 88 228 237 239 248 388
239 89 229 238 249 389
240 90 230 241 250 390
241 91 231 240 242 251 391
242 92 232 241 243 252 392
243 93 233 242 244 253 393
244 94 234 243 245 254 394
245 95 235 244 246 255 395
246 96 236 245 247 256 396
247 97 237 246 248 257 397
248 98 238 247 249 258 398
249 99 239 248 259 399
250 100 240 251 260 400
251 101 241 250 252 261 401
252 102 242 251 253 262 402
253 103 243 252 254 263 403
254 104 244 253 255 264 404
255 105 245 254 256 265 405
256 106 246 255 257 266 406
257 107 247 256 258 267 407
258 108 248 257 259 268 408
259 109 249 258 269 409
260 110 250 261 270 410
261 111 251 260 262 271 411
262 112 252 261 263 272 412
263 113 253 262 264 273 413
264 114 254 263 265 274 414
265 115 255 264 266 275 415
266 116 256 265 267 276 416
267 117 257 266 268 277 417
268 118 258 267 269 278 418
269 119 259 268 279 419
270 120 260 271 280 420
271 121 261 270 272 281 421
272 122 262 271 273 282 422
273 123 263 272 274 283 423
274 124 264 273 275 284 424
275 125 265 274 276 285 425
276 126 266 275 277 286 426
277 127 267 276 278 287 427
278 128 268 277 279 288 428
279 129 269 278 289 429
280 130 270 281 290 430
281 131 271 280 282 291 431
282 132 272 281 283 292 432
283 133 273 282 284 293 433
284 134 274 283 285 294 434
285 135 275 284 286 295 435
286 136 276 285 287 296 436
287 137 277 286 288 297 437
288 138 278 287 289 298 438
289 139 279 288 299 439
290 140 280 291 300 440
291 141 281 290 292 301 441
292 142 282 291 293 302 442
293 143 283 292 294 303 443
294 144 284 293 295 304 444
295 145 285 294 296 305 445
296 146 286 295 297 306 446
297 147 287 296 298 307 447
298 148 288 297 299 308 448
299 149 289 298 309 449
300 150 290 301 310 450
301 151 291 300 302 311 451
302 152 292 301 303 312 452
303 153 293 302 304 313 453
304 154 294 303 305 314 454
305 155 295 304 306 315 455
306 156 296 305 307 316 456
307 157 297 306 308 317 457
308 158 298 307 309 318 458
309 159 299 308 319 459
310 160 300 311 320 460
311 161 301 310 312 321 461
312 162 302 311 313 322 462
313 163 303 312 314 323 463
314 164 304 313 315 324 464
315 165 305 314 316 325 465
316 166 306 315 317 326 466
317 167 307 316 318 327 467
318 168 308 317 319 328 468
319 169 309 318 329 469
320 170 310 321 330 470
321 171 311 320 322 331 471
322 172 312 321 323 332 472
323 173 313 322 324 333 473
324 174 314 323 325 334 474
325 175 315 324 326 335 475
326 176 316 325 327 336 476
327 177 317 326 328 337 477
328 178 318 327 329 338 478
329 179 319 328 339 479
330 180 320 331 340 480
331 181 321 330 332 341 481
332 182 322 331 333 342 482
333 183 323 332 334 343 483
334 184 324 333 335 344 484
335 185 325 334 336 345 485
336 186 326 335 337 346 486
337 187 327 336 338 347 487
338 188 328 337 339 348 488
339 189 329 338 349 489
340 190 330 341 350 490
341 191 331 340 342 351 491
342 192 332 341 343 352 492
343 193 333 342 344 353 493
344 194 334 343 345 354 494
345 195 335 344 346 355 495
346 196 336 345 347 356 496
347 197 337 346 348 357 497
348 198 338 347 349 358 498
349 199 339 348 359 499
350 200 340 351 360 500
351 201 341 350 352 361 501
352 202 342 351 353 362 502
353 203 343 352 354 363 503
354 204 344 353 355 364 504
355 205 345 354 356 365 505
356 206 346 355 357 366 506
357 207 347 356 358 367 507
358 208 348 357 359 368 508
359 209 349 358 369 509
360 210 350 361 370 510
361 211 351 360 362 371 511
362 212 352 361 363 372 512
363 213 353 362 364 373 513
364 214 354 363 365 374 514
365 215 355 364 366 375 515
366 216 356 365 367 376 516
367 217 357 366 368 377 517
368 218 358 367 369 378 518
369 219 359 368 379 519
370 220 360 371 380 520
371 221 361 370 372 381 521
372 222 362 371 373 382 522
373 223 363 372 374 383 523
374 224 364 373 375 384 524
375 225 365 374 376 385 525
376 226 366 375 377 386 526
377 227 367 376 378 387 527
378 228 368 377 379 388 528
379 229 369 378 389 529
380 230 370 381 390 530
381 231 371 380 382 391 531
382 232 372 381 383 392 532
383 233 373 382 384 393 533
384 234 374 383 385 394 534
385 235 375 384 386 395 535
386 236 376 385 387 396 536
387 237 377 386 388 397 537
388 238 378 387 389 398 538
389 239 379 388 399 539
390 240 380 391 400 540
391 241 381 390 392 401 541
392 242 382 391 393 402 542
393 243 383 392 394 403 543
394 244 384 393 395 404 544
395 245 385 394 396 405 545
396 246 386 395 397 406 546
397 247 387 396 398 407 547
398 248 388 397 399 408 548
399 249 389 398 409 549
400 250 390 401 410 550
401 251 391 400 402 411 551
402 252 392 401 403 412 552
403 253 393 402 404 413 553
404 254 394 403 405 414 554
405 255 395 404 406 415 555
406 256 396 405 407 416 556
407 257 397 406 408 417 557
408 258 398 407 409 418 558
409 259 399 408 419 559
410 260 400 411 420 560
411 261 401 410 412 421 561
412 262 402 411 413 422 562
413 263 403 412 414 423 563
414 264 404 413 415 424 564
415 265 405 414 416 425 565
416 266 406 415 417 426 566
417 267 407 416 418 427 567
418 268 408 417 419 428 568
419 269 409 418 429 569
420 270 410 421 430 570
421 271 411 420 422 431 571
422 272 412 421 423 432 572
423 273 413 422 424 433 573
424 274 414 423 425 434 574
425 275 415 424 426 435 575
426 276 416 425 427 436 576
427 277 417 426 428 437 577
428 278 418 427 429 438 578
429 279 419 428 439 579
430 280 420 431 440 580
431 281 421 430 432 441 581
432 282 422 431 433 442 582
433 283 423 432 434 443 583
434 284 424 433 435 444 584
435 285 425 434 436 445 585
436 286 426 435 437 446 586
437 287 427 436 438 447 587
438 288 428 437 439 448 588
439 289 429 438 449 589
440 290 430 441 450 590
441 291 431 440 442 451 591
442 292 432 441 443 452 592
443 293 433 442 444 453 593
444 294 434 443 445 454 594
445 295 435 444 446 455 595
446 296 436 445 447 456 596
447 297 437 446 448 457 597
448 298 438 447 449 458 598
449 299 439 448 459 599
450 300 440 451 460 600
451 301 441 450 452 461 601
452 302 442 451 453 462 602
453 303 443 452 454 463 603
454 304 444 453 455 464 604
455 305 445 454 456 465 605
456 306 446 455 457 466 606
457 307 447 456 458 467 607
458 308 448 457 459 468 608
459 309 449 458 469 609
460 310 450 461 470 610
461 311 451 460 462 471 611
462 312 452 461 463 472 612
463 313 453 462 464 473 613
464 314 454 463 465 474 614
465 315 455 464 466 475 615
466 316 456 465 467 476 616
467 317 457 466 468 477 617
468 318 458 467 469 478 618
469 319 459 468 479 619
470 320 460 471 480 620
471 321 461 470 472 481 621
472 322 462 471 473 482 622
473 323 463 472 474 483 623
474 324 464 473 475 484 624
475 325 465 474 476 485 625
476 326 466 475 477 486 626
477 327 467 476 478 487 627
478 328 468 477 479 488 628
479 329 469 478 489 629
480 330 470 481 490 630
481 331 471 480 482 491 631
482 332 472 481 483 492 632
483 333 473 482 484 493 633
484 334 474 483 485 494 634
485 335 475 484 486 495 635
486 336 476 485 487 496 636
487 337 477 486 488 497 637
488 338 478 487 489 498 638
489 339 479 488 499 639
490 340 480 491 500 640
491 341 481 490 492 501 641
492 342 482 491 493 502 642
493 343 483 492 494 503 643
494 344 484 493 495 504 644
495 345 485 494 496 505 645
496 346 486 495 497 506 646
497 347 487 496 498 507 647
498 348 488 497 499 508 648
499 349 489 498 509 649
500 350 490 501 510 650
501 351 491 500 502 511 651
502 352 492 501 503 512 652
503 353 493 502 504 513 653
504 354 494 503 505 514 654
505 355 495 504 506 515 655
506 356 496 505 507 516 656
507 357 497 506 508 517 657
508 358 498 507 509 518 658
509 359 499 508 519 659
510 360 500 511 520 660
511 361 501 510 512 521 661
512 362 502 511 513 522 662
513 363 503 512 514 523 663
514 364 504 513 515 524 664
515 365 505 514 516 525 665
516 366 506 515 517 526 666
517 367 507 516 518 527 667
518 368 508 517 519 528 668
519 369 509 518 529 669
520 370 510 521 530 670
521 371 511 520 522 531 671
522 372 512 521 523 532 672
523 373 513 522 524 533 673
524 374 514 523 525 534 674
525 375 515 524 526 535 675
526 376 516 525 527 536 676
527 377 517 526 528 537 677
528 378 518 527 529 538 678
529 379 519 528 539 679
530 380 520 531 540 680
531 381 521 530 532 541 681
532 382 522 531 533 542 682
533 383 523 532 534 543 683
534 384 524 533 535 544 684
535 385 525 534 536 545 685
536 386 526 535 537 546 686
537 387 527 536 538 547 687
538 388 528 537 539 548 688
539 389 529 538 549 689
540 390 530 541 550 690
541 391 531 540 542 551 691
542 392 532 541 543 552 692
543 393 533 542 544 553 693
544 394 534 543 545 554 694
545 395 535 544 546 555 695
546 396 536 545 547 556 696
547 397 537 546 548 557 697
548 398 538 547 549 558 698
549 399 539 548 559 699
550 400 540 551 560 700
551 401 541 550 552 561 701
552 402 542 551 553 562 702
553 403 543 552 554 563 703
554 404 544 553 555 564 704
555 405 545 554 556 565 705
556 406 546 555 557 566 706
557 407 547 556 558 567 707
558 408 548 557 559 568 708
559 409 549 558 569 709
560 410 550 561 570 710
561 411 551 560 562 571 711
562 412 552 561 563 572 712
563 413 553 562 564 573 713
564 414 554 563 565 574 714
565 415 555 564 566 575 715
566 416 556 565 567 576 716
567 417 557 566 568 577 717
568 418 558 567 569 578 718
569 419 559 568 579 719
570 420 560 571 580 720
571 421 561 570 572 581 721
572 422 562 571 573 582 722
573 423 563 572 574 583 723
574 424 564 573 575 584 724
575 425 565 574 576 585 725
576 426 566 575 577 586 726
577 427 567 576 578 587 727
578 428 568 577 579 588 728
579 429 569 578 589 729
580 430 570 581 590 730
581 431 571 580 582 591 731
582 432 572 581 583 592 732
583 433 573 582 584 593 733
584 434 574 583 585 594 734
585 435 575 584 586 595 735
586 436 576 585 587 596 736
587 437 577 586 588 597 737
588 438 578 587 589 598 738
589 439 579 588 599 739
590 440 580 591 600 740
591 441 581 590 592 601 741
592 442 582 591 593 602 742
593 443 583 592 594 603 743
594 444 584 593 595 604 744
595 445 585 594 596 605 745
596 446 586 595 597 606 746
597 447 587 596 598 607 747
598 448 588 597 599 608 748
599 449 589 598 609 749
600 450 590 601 610
601 451 591 600 602 611
602 452 592 601 603 612
603 453 593 602 604 613
604 454 594 603 605 614
605 455 595 604 606 615
606 456 596 605 607 616
607 457 597 606 608 617
608 458 598 607 609 618
609 459 599 608 619
610 460 600 611 620
611 461 601 610 612 621
612 462 602 611 613 622
613 463 603 612 614 623
614 464 604 613 615 624
615 465 605 614 616 625
616 466 606 615 617 626
617 467 607 616 618 627
618 468 608 617 619 628
619 469 609 618 629
620 470 610 621 630
621 471 611 620 622 631
622 472 612 621 623 632
623 473 613 622 624 633
624 474 614 623 625 634
625 475 615 624 626 635
626 476 616 625 627 636
627 477 617 626 628 637
628 478 618 627 629 638
629 479 619 628 639
630 480 620 631 640
631 481 621 630 632 641
632 482 622 631 633 642
633 483 623 632 634 643
634 484 624 633 635 644
635 485 625 634 636 645
636 486 626 635 637 646
637 487 627 636 638 647
638 488 628 637 639 648
639 489 629 638 649
640 490 630 641 650
641 491 631 640 642 651
642 492 632 641 643 652
643 493 633 642 644 653
644 494 634 643 645 654
645 495 635 644 646 655
646 496 636 645 647 656
647 497 637 646 648 657
648 498 638 647 649 658
649 499 639 648 659
650 500 640 651 660
651 501 641 650 652 661
652 502 642 651 653 662
653 503 643 652 654 663
654 504 644 653 655 664
655 505 645 654 656 665
656 506 646 655 657 666
657 507 647 656 658 667
658 508 648 657 659 668
659 509 649 658 669
660 510 650 661 670
661 511 651 660 662 671
662 512 652 661 663 672
663 513 653 662 664 673
664 514 654 663 665 674
665 515 655 664 666 675
666 516 656 665 667 676
667 517 657 666 668 677
668 518 658 667 669 678
669 519 659 668 679
670 520 660 671 680
671 521 661 670 672 681
672 522 662 671 673 682
673 523 663 672 674 683
674 524 664 673 675 684
675 525 665 674 676 685
676 526 666 675 677 686
677 527 667 676 678 687
678 528 668 677 679 688
679 529 669 678 689
680 530 670 681 690
681 531 671 680 682 691
682 532 672 681 683 692
683 533 673 682 684 693
684 534 674 683 685 694
685 535 675 684 686 695
686 536 676 685 687 696
687 537 677 686 688 697
688 538 678 687 689 698
689 539 679 688 699
690 540 680 691 700
691 541 681 690 692 701
692 542 682 691 693 702
693 543 683 692 694 703
694 544 684 693 695 704
695 545 685 694 696 705
696 546 686 695 697 706
697 547 687 696 698 707
698 548 688 697 699 708
699 549 689 698 709
700 550 690 701 710
701 551 691 700 702 711
702 552 692 701 703 712
703 553 693 702 704 713
704 554 694 703 705 714
705 555 695 704 706 715
706 556 696 705 707 716
707 557 697 706 708 717
708 558 698 707 709 718
709 559 699 708 719
710 560 700 711 720
711 561 701 710 712 721
712 562 702 711 713 722
713 563 703 712 714 723
714 564 704 713 715 724
715 565 705 714 716 725
716 566 706 715 717 726
717 567 707 716 718 727
718 568 708 717 719 728
719 569 709 718 729
720 570 710 721 730
721 571 711 720 722 731
722 572 712 721 723 732
723 573 713 722 724 733
724 574 714 723 725 734
725 575 715 724 726 735
726 576 716 725 727 736
727 577 717 726 728 737
728 578 718 727 729 738
729 579 719 728 739
730 580 720 731 740
731 581 721 730 732 741
732 582 722 731 733 742
733 583 723 732 734 743
734 584 724 733 735 744
735 585 725 734 736 745
736 586 726 735 737 746
737 587 727 736 738 747
738 588 728 737 739 748
739 589 729 738 749
740 590 730 741
741 591 731 740 742
742 592 732 741 743
743 593 733 742 744
744 594 734 743 745
745 595 735 744 746
746 596 736 745 747
747 597 737 746 748
748 598 738 747 749
749 599 739 748
