0 1 5 25
1 0 2 6 26
2 1 3 7 27
3 2 4 8 28
4 3 9 29
5 0 6 10 30
6 1 5 7 11 31
7 2 6 8 12 32
8 3 7 9 13 33
9 4 8 14 34
10 5 11 15 35
11 6 10 12 16 36
12 7 11 13 17 37
13 8 12 14 18 38
14 9 13 19 39
15 10 16 20 40
16 11 15 17 21 41
17 12 16 18 22 42
18 13 17 19 23 43
19 14 18 24 44
20 15 21 25 45
21 16 20 22 26 46
22 17 21 23 27 47
23 18 22 24 28 48
24 19 23 29 49
25 0 20 26 30 50
26 1 21 25 27 31 51
27 2 22 26 28 32 52
28 3 23 27 29 33 53
29 4 24 28 34 54
30 5 25 31 35 55
31 6 26 30 32 36 56
32 7 27 31 33 37 57
33 8 28 32 34 38 58
34 9 29 33 39 59
35 10 30 36 40 60
36 11 31 35 37 41 61
37 12 32 36 38 42 62
38 13 33 37 39 43 63
39 14 34 38 44 64
40 15 35 41 45 65
41 16 36 40 42 46 66
42 17 37 41 43 47 67
43 18 38 42 44 48 68
44 19 39 43 49 69
45 20 40 46 50 70
46 21 41 45 47 51 71
47 22 42 46 48 52 72
48 23 43 47 49 53 73
49 24 44 48 54 74
50 25 45 51 55 75
51 26 46 50 52 56 76
52 27 47 51 53 57 77
53 28 48 52 54 58 78
54 29 49 53 59 79
55 30 50 56 60 80
56 31 51 55 57 61 81
57 32 52 56 58 62 82
58 33 53 57 59 63 83
59 34 54 58 64 84
60 35 55 61 65 85
61 36 56 60 62 66 86
62 37 57 61 63 67 87
63 38 58 62 64 68 88
64 39 59 63 69 89
65 40 60 66 70 90
66 41 61 65 67 71 91
67 42 62 66 68 72 92
68 43 63 67 69 73 93
69 44 64 68 74 94
70 45 65 71 75 95
71 46 66 70 72 76 96
72 47 67 71 73 77 97
73 48 68 72 74 78 98
74 49 69 73 79 99
75 50 70 76 80 100
76 51 71 75 77 81 101
77 52 72 76 78 82 102
78 53 73 77 79 83 103
79 54 74 78 84 104
80 55 75 81 85 105
81 56 76 80 82 86 106
82 57 77 81 83 87 107
83 58 78 82 84 88 108
84 59 79 83 89 109
85 60 80 86 90 110
86 61 81 85 87 91 111
87 62 82 86 88 92 112
88 63 83 87 89 93 113
89 64 84 88 94 114
90 65 85 91 95 115
91 66 86 90 92 96 116
92 67 87 91 93 97 117
93 68 88 92 94 98 118
94 69 89 93 99 119
95 70 90 96 100 120
96 71 91 95 97 101 121
97 72 92 96 98 102 122
98 73 93 97 99 103 123
99 74 94 98 104 124
100 75 95 101 105 125
101 76 96 100 102 106 126
102 77 97 101 103 107 127
103 78 98 102 104 108 128
104 79 99 103 109 129
105 80 100 106 110 130
106 81 101 105 107 111 131
107 82 102 106 108 112 132
108 83 103 107 109 113 133
109 84 104 108 114 134
110 85 105 111 115 135
111 86 106 110 112 116 136
112 87 107 111 113 117 137
113 88 108 112 114 118 138
114 89 109 113 119 139
115 90 110 116 120 140
116 91 111 115 117 121 141
117 92 112 116 118 122 142
118 93 113 117 119 123 143
119 94 114 118 124 144
120 95 115 121 125 145
121 96 116 120 122 126 146
122 97 117 121 123 127 147
123 98 118 122 124 128 148
124 99 119 123 129 149
125 100 120 126 130 150
126 101 121 125 127 131 151
127 102 122 126 128 132 152
128 103 123 127 129 133 153
129 104 124 128 134 154
130 105 125 131 135 155
131 106 126 130 132 136 156
132 107 127 131 133 137 157
133 108 128 132 134 138 158
134 109 129 133 139 159
135 110 130 136 140 160
136 111 131 135 137 141 161
137 112 132 136 138 142 162
138 113 133 137 139 143 163
139 114 134 138 144 164
140 115 135 141 145 165
141 116 136 140 142 146 166
142 117 137 141 143 147 167
143 118 138 142 144 148 168
144 119 139 143 149 169
145 120 140 146 150 170
146 121 141 145 147 151 171
147 122 142 146 148 152 172
148 123 143 147 149 153 173
149 124 144 148 154 174
150 125 145 151 155 175
151 126 146 150 152 156 176
152 127 147 151 153 157 177
153 128 148 152 154 158 178
154 129 149 153 159 179
155 130 150 156 160 180
156 131 151 155 157 161 181
157 132 152 156 158 162 182
158 133 153 157 159 163 183
159 134 154 158 164 184
160 135 155 161 165 185
161 136 156 160 162 166 186
162 137 157 161 163 167 187
163 138 158 162 164 168 188
164 139 159 163 169 189
165 140 160 166 170 190
166 141 161 165 167 171 191
167 142 162 166 168 172 192
168 143 163 167 169 173 193
169 144 164 168 174 194
170 145 165 171 175 195
171 146 166 170 172 176 196
172 147 167 171 173 177 197
173 148 168 172 174 178 198
174 149 169 173 179 199
175 150 170 176 180 200
176 151 171 175 177 181 201
177 152 172 176 178 182 202
178 153 173 177 179 183 203
179 154 174 178 184 204
180 155 175 181 185 205
181 156 176 180 182 186 206
182 157 177 181 183 187 207
183 158 178 182 184 188 208
184 159 179 183 189 209
185 160 180 186 190 210
186 161 181 185 187 191 211
187 162 182 186 188 192 212
188 163 183 187 189 193 213
189 164 184 188 194 214
190 165 185 191 195 215
191 166 186 190 192 196 216
192 167 187 191 193 197 217
193 168 188 192 194 198 218
194 169 189 193 199 219
195 170 190 196 200 220
196 171 191 195 197 201 221
197 172 192 196 198 202 222
198 173 193 197 199 203 223
199 174 194 198 204 224
200 175 195 201 205 225
201 176 196 200 202 206 226
202 177 197 201 203 207 227
203 178 198 202 204 208 228
204 179 199 203 209 229
205 180 200 206 210 230
206 181 201 205 207 211 231
207 182 202 206 208 212 232
208 183 203 207 209 213 233
209 184 204 208 214 234
210 185 205 211 215 235
211 186 206 210 212 216 236
212 187 207 211 213 217 237
213 188 208 212 214 218 238
214 189 209 213 219 239
215 190 210 216 220 240
216 191 211 215 217 221 241
217 192 212 216 218 222 242
218 193 213 217 219 223 243
219 194 214 218 224 244
220 195 215 221 225 245
221 196 216 220 222 226 246
222 197 217 221 223 227 247
223 198 218 222 224 228 248
224 199 219 223 229 249
225 200 220 226 230
226 201 221 225 227 231
227 202 222 226 228 232
228 203 223 227 229 233
229 204 224 228 234
230 205 225 231 235
231 206 226 230 232 236
232 207 227 231 233 237
233 208 228 232 234 238
234 209 229 233 239
235 210 230 236 240
236 211 231 235 237 241
237 212 232 236 238 242
238 213 233 237 239 243
239 214 234 238 244
240 215 235 241 245
241 216 236 240 242 246
242 217 237 241 243 247
243 218 238 242 244 248
244 219 239 243 249
245 220 240 246
246 221 241 245 247
247 222 242 246 248
248 223 243 247 249
249 224 244 248
